0 0 81 47.43416490252569 78 140.43416490252568 76 232.43416490252568 71 327.4341649025257 70 422.4341649025257 73 515.4341649025257 77 609.4341649025257 79 700.4341649025257 80 795.8193297096602 66 925.1130951184372 0 1031.666040475684
0 0 90 20.615528128088304 87 115.6155281280883 83 212.6155281280883 82 305.6155281280883 84 401.4464800229336 85 494.2749071476798 88 587.2749071476799 89 680.1033342724261 91 773.7088855478901 0 886.069565322888
0 0 57 35.0 55 127.0 54 222.0 53 317.3851648071345 56 411.3851648071345 58 503.3851648071345 60 596.3851648071345 59 696.8254713160451 0 821.8825676019613
0 0 94 209 92 302.605551275464 93 409 97 504.0 100 599.0 99 694.0 2 798.142135623731 1 890.142135623731 75 983.142135623731 0 1088.953523924573
0 0 32 31.622776601683793 33 123.6227766016838 31 219.0079414088183 35 314.0079414088183 37 409.8388933036636 38 501.8388933036636 39 596.8388933036636 36 691.8388933036636 34 784.8388933036636 0 907.2271627850669
0 0 13 30.805843601498726 17 124.80584360149872 18 217.80584360149874 19 312.80584360149874 15 407.80584360149874 16 502.80584360149874 14 594.8058436014987 12 687.8058436014987 4 801.8474741618413 0 909.9582444381161
0 0 3 16.1245154965971 95 130.5376267280645 96 222.5376267280645 8 337.59755490034786 10 431.20310617581185 11 524.2031061758119 9 617.3653838359802 6 709.60145181348 0 818.60145181348
0 0 43 16.55294535724685 42 109.55294535724684 41 201.55294535724684 40 293.5529453572468 44 386.5529453572468 46 479.381372481993 45 571.381372481993 48 663.381372481993 51 756.381372481993 50 848.6174404594929 52 941.7797181196612 49 1034.779718119661 47 1126.779718119661 0 1234.807474496981
0 0 20 10.0 24 105.0 25 197.0 27 289.0 29 382.605551275464 30 477.605551275464 28 570.605551275464 26 662.605551275464 23 755.605551275464 22 848.605551275464 21 940.605551275464 0 1040.8035903026496
0 0 5 15.132745950421556 7 107.36881392792134 98 217.49342572541946 86 329.03408495395746 74 442.8878058377106 72 537.8878058377106 61 630.8878058377106 64 722.8878058377106 68 815.8878058377106 69 910.8878058377106 0 1016.6991941385526
0 0 67 12.206555615733702 65 103.2065556157337 63 195.2065556157337 62 290.2065556157337 0 398.23431199305367
