0 0 498 1078 245 1502.3411431457398 17 1909.9273519143196 88 2309.58522764171 179 2700.197935290605 396 3067.47938075712 89 3418.8545899870696 28 3682.258742186491 0 3812.183671741845
0 0 537 1180 364 2030 373 2422.319367556893 159 2794.102972473858 324 3158.824649812942 3 3502.6296931040474 400 3605.6680979144526 0 3787.591979468704
0 0 527 1305 557 1745.7948118202435 442 2156.395809947199 131 2556.3700024213467 235 2942.346352827929 535 3309.665663370848 526 3577.9070727010035 0 3714.004794987468
0 0 523 614 482 1116 528 1520.6823795511914 276 1954 96 2339.7177708559293 579 2715.9432064831635 216 3083.685893155558 363 3428.3857164770516 127 3648.869431936108 0 3777.144750354117
0 0 402 751 548 1150.8289850869346 198 1549.0123720499569 8 1938.2597613451685 417 2314.7436177838863 565 2680.1070140441734 41 3038.185360801236 75 3383.342175329087 544 3634.937348524328 0 3801.7878527516914
0 0 462 987 549 1402 387 1793.955294704365 552 2182.247098145224 174 2557.3242806765516 270 2913.4163699990268 325 3263.7258012534476 377 3564.367677431951 0 3776.433233589288
0 0 473 1207 227 1644.4665451521917 48 2057.63368457079 62 2455.583355783474 368 2843.2963047796507 341 3217.065577252905 328 3558.471623321809 0 3758.0937013900525
0 0 577 1782 460 2167.2371927789586 540 2538.014684754366 285 2891.6052763922316 156 3209.2936599342997 228 3479.1408172651845 95 3623.5466993001264 0 3751.348815642998
0 0 393 1978 330 2359.075591556558 571 2850 491 3213.6512378923217 138 3576.292027210428 0 3800.6720852547674
0 0 186 595 42 1778 136 2162.635367870186 32 2541.988093794792 66 2925.0068645245865 122 3295.2496164379945 514 3584.159143610526 0 3735.118146227039
0 0 150 847 524 1234.038718015009 181 1619.5196818688587 543 2001.5967264992096 60 2376.0787118691096 567 2737.5432583572283 509 3059.8921339731864 114 3382.791253765426 307 3662.427748143486 0 3808.3294475809807
0 0 11 1174 257 1595.0015105705713 371 2004.4025124475222 463 2403.2277057203505 479 2788.8118730906617 437 3141.309492127483 102 3469.238052834263 130 3575.5168734303625 0 3782.86251672401
0 0 99 329 148 1395 318 1762.9154547699713 201 2127.980901527648 9 2486.18418264106 141 2830.2570068470345 93 3147.940998379158 247 3475.751847584992 0 3672.8079076656804
0 0 175 1266 202 1841 302 2196.1886121235225 458 2541.807469017923 55 2886.0907755875833 23 3221.4578475430517 45 3511.720175503155 0 3729.6029343098057
0 0 332 430 83 810.8143737850659 273 1184.1657457598633 592 1617 338 1989.7030243913214 234 2381.936377944499 344 2751.351839220356 481 3114.91353244512 16 3455.4848795700455 0 3657.288278445035
0 0 91 1049 15 1536 395 1942.6354370565618 158 2608 239 2957.268200904006 584 3296.8859086092084 22 3561.5770646532396 0 3694.0976479041783
0 0 13 447 168 826.2075379377238 423 1192.2111611023483 90 1893 398 2245.4519003550936 29 2589.978912674022 147 2934.929888353661 465 3265.4834167002646 365 3546.0850956015797 0 3756.5176493401764
0 0 576 1345 380 2265 334 2640.6851413707054 144 2986.562064910129 193 3304.230683740217 339 3511.623187759852 0 3649.131081840731
0 0 125 1983 413 2372.3476240092778 101 2752 529 3069.7827912727385 167 3318.3040832180163 129 3516.0862709857547 108 3613.15733879762 0 3743.4189830760147
0 0 536 584 104 980.2760193028505 145 1374.3352240640286 183 2083 561 2448.4269413111215 43 2796.6690757508754 478 3105.184521429207 322 3405.71955414348 0 3613.6050918484925
0 0 296 246 176 781 367 1442 284 1841 326 2219.9982698910153 76 2578.8272117852985 236 2920.8986302364983 422 3195.8661949606953 343 3455.7190724753254 0 3643.2126620081763
0 0 272 168 61 807 217 1445 277 2005 190 2544 20 2873.7602969634463 388 3138.6345374907464 408 3342.203899556402 0 3500.8624751314896
0 0 197 1633 466 2009.574597618142 314 2380.437553523687 560 2730.992730021871 444 3051.5789394967655 98 3300.958988436399 564 3432.684280526449 0 3568.7820028129136
0 0 531 1541 185 1918.6282322721468 65 2290.92240507775 286 2636.102733473181 349 2943.36985017518 372 3235.5702458226665 57 3414.0801322761017 0 3580.5654249799936
0 0 539 883 375 1272.9766657591886 315 1639.962224949555 311 2010.4082981971583 170 2373.713987856192 415 2717.4264234993825 336 3052.7710790352226 4 3315.061531469477 0 3471.7698517901085
0 0 547 150.14659503298768 192 698 490 1501 115 1853.96197443737 583 2213.943455283742 546 2551.313623250698 353 2855.551808455857 495 3157.235534802499 446 3291.78887362239 0 3455.9373732700565
0 0 382 150.07331541616585 143 644 81 1011.5968299530814 480 1391.9845018677133 140 1759.3380668348866 278 2128.773211367567 359 2473.3886076027516 69 2799.5241618930786 191 3094.823942701534 545 3330.1683612390207 0 3477.4134483644675
0 0 18 459 499 835.4489483311119 204 1211.5433383495113 103 1573.0299862716513 119 1929.3399560437197 581 2286.8095804873187 68 2613.294252295028 279 2939.398043031221 468 3210.199038603701 0 3368.463231267205
0 0 405 1482 419 1920 556 2353 424 2683.002083324291 86 2973.354273229967 224 3211.154814500965 0 3384.341351873307
0 0 221 704 215 1320 401 1669.7537295208676 355 2021.257075579766 595 2360.946883141068 120 2692.5746961096916 264 2989.216898962836 569 3210.4342758608673 0 3355.1060235922137
0 0 1 1971 242 2307.1381725779243 378 2605.7358715105825 317 2926.094287896874 118 3129.2313728867216 596 3268.809593911684 0 3406.3174879925627
0 0 49 1258 538 1601.2429663386526 505 1937.381138916577 262 2271.2171493826277 485 2593.038201058268 391 2903.4832055378433 360 3100.9075975538094 0 3264.405896853861
0 0 385 1623 47 1963.4795400826183 600 2312.178206488149 139 2633.4983309909685 50 2906.282356551191 516 3136.9450737153347 0 3284.6338941227586
0 0 117 900 293 1247.4101785089315 256 2129 512 2453.0619576095182 77 2767.890781384407 72 3034.8936062206226 0 3200.0733907374724
0 0 445 1710 109 2056.8774026651627 348 2399.5926574480904 33 2714.494858415533 53 2975.521172180404 238 3146.3295875837516 0 3251.3295875837516
0 0 155 712 358 1059.9922479455536 370 1548 319 1890.8339375954106 44 2228.7250427202216 231 2533.8738284476804 403 2795.8767353998596 475 3044.8798800228515 0 3208.4189852662525
0 0 438 1811 508 2338 206 2623.0102561405424 379 2889.786951437179 390 3022.2251417850252 0 3204.875020360229
0 0 157 1747 189 2151 407 2479.5979882563975 263 2786.7845440097403 354 3021.6292884777395 0 3195.061896012204
0 0 304 1105 454 1444.4794580722028 59 1777.4959184200566 133 2352 84 2656.7044480209947 163 2953.104544920197 0 3152.7631059175037
0 0 418 597 467 945.6812710653788 267 1286.0330236056798 112 1618.026825179191 36 1944.7566289640124 443 2259.9010270733147 100 2612 551 2882.88670487352 515 3001.3120456806237 0 3158.847221700236
0 0 489 321 251 685.3902330623305 586 1023.1199244600311 259 1358.2076638514582 585 1877 268 2177.009523593574 126 2484.1569389592655 300 2759.7640508919712 392 2956.7687236871348 0 3071.2840250313975
0 0 64 404 154 743.505510961181 534 1086.5371295387808 149 1423.5695160794933 589 2283 453 2561.8623837612986 214 2837.2295869014442 457 3103.3687364395296 0 3266.9418293471954
0 0 173 763 427 1096.4953798329652 146 1429.805881044894 123 1750.7366065882916 213 2054.897760862357 429 2347.009116307814 219 2626.2444195680673 530 2874.58898057349 254 3051.041279559694 0 3154.933723549144
0 0 566 835 92 1169.3951718017358 237 1497.4728902047816 574 1821.8593232592568 232 2111.1104211232337 513 2377.83619739823 244 2643.9753469363154 416 2889.4134375061626 0 3070.1107362531484
0 0 448 559 414 895.7893838883674 323 1204.1468889116663 299 1539.9842335117087 303 1961 374 2232.463494951464 503 2488.6471283212995 305 2694.167689261766 492 2793.387233719059 0 2896.387233719059
0 0 598 732 433 1237 308 1544.3384457476404 483 1846.0363437060282 2 2145.39011128617 73 2425.0028745696577 497 2667.8492026249955 0 2825.2954775406647
0 0 78 226 321 575.6786475627135 290 914.0996611666355 105 1245.967393615592 361 1568.8300140594924 294 1887.2725670131836 435 2168.784968700385 421 2425.380286761848 580 2663.370151279659 166 2770.133205893899 0 2926.352538418472
0 0 124 632 518 974.7943828489865 12 1313.4165862017844 54 1637.9714838270525 233 1923.0970844026817 477 2188.237028447437 306 2375.5663662649727 568 2512.2568363846876 107 2648.354558671152 0 2762.1242873191613
0 0 80 321 399 662.4458192136032 82 1133 27 1457.9680829389388 172 1764.5090721303618 187 2055.9885996263333 578 2336.2515755307377 350 2573.418147822138 0 2726.7427086180883
0 0 447 130.86252328302402 563 477.8936498027512 522 816.1133105873072 178 1149.4320316097555 310 1469.8490448704954 30 1775.9346760448057 297 2083.346727228727 451 2354.5234365486613 420 2539.370682159696 177 2634.370682159696 0 2746.731361934694
0 0 500 219 134 562.8759539617724 506 897.3693076546693 250 1224.0505278644696 484 1747 292 2023.686903664933 71 2244.354420668969 0 2417.7870282034337
0 0 426 178 425 552 494 869.7279078198367 288 1192.3692626989725 128 1489.3789243092463 502 1774.9115302858454 275 2049.6112866473522 582 2258.1439825586494 0 2406.0836063061333
0 0 431 129.634100452003 142 456.39769562659905 243 773.9608736673356 434 1071.0212513353 588 1348.0319462166356 410 1624.1636200392281 345 1894.4106727197088 486 2153.7180854339786 241 2318.604666341375 0 2441.0546278205506
0 0 381 529 357 860.0497873884149 440 1189.7579432780299 449 1509.0285257782712 572 1791.1586899899326 487 2064.5626157930624 386 2202.894799687441 0 2341.3612829516514
0 0 194 484 240 805.8900601578257 220 1092.6259236906346 519 1418 351 1718.2022835270825 298 2009.062931738722 180 2174.2294136305864 0 2293.759059751053
0 0 58 173 5 656 21 969.7073981789606 184 1280.8724948827578 153 1581.8250961940475 329 1862.9088474655778 587 2142.6165173157974 0 2333.2196981800225
0 0 40 231 182 549.8776965979866 532 844.8874524634089 389 1313 570 1593.5911855254592 439 1863.7966238451725 121 2119.935120287147 0 2291.150882304135
0 0 14 412 266 1115 501 1395.8821626030049 369 1670.0831397991099 218 1928.0861159632243 476 2154.299184352421 0 2299.6616264950867
0 0 340 121.16517651536682 593 436.25404785288987 406 726.5138790722335 274 1034.3211333132253 291 1309.5399228568351 525 1552.7619839316033 211 1813.995742285498 289 2032.1362901226287 165 2144.339893433803 0 2268.821772732936
0 0 169 120.03332870498926 507 440.3483303874676 10 763.7514151999867 171 1064.5973305030818 137 1349.502435618366 249 1611.688381618613 246 1826.2235172229878 225 1991.9929041810462 0 2114.5505453732458
0 0 432 192 333 507.9424705539001 356 1159 520 1426.459854615065 160 1584.0616297396873 456 1708.12040247154 575 1819.12040247154 85 1915.2031650018382 0 2045.8110460103321
0 0 312 117.5925167687128 327 422.1828240987504 301 718.8322857481822 70 1002.9250470763678 7 1267.1088580347919 450 1508.452837102345 597 1655.2771276830465 335 1761.4016431796435 0 1896.1788695341197
0 0 554 117.29023829799307 496 431.47096895966257 229 726.4807248250847 470 1022.9752768113296 265 1318.2190343290677 342 1558.6351238939808 258 1665.6645102599073 0 1792.06505970631
0 0 430 116.27553482998907 590 428.7569947317076 6 722.4356632269627 106 1003.4042470306867 337 1282.5946273358174 230 1517.152574194508 599 1618.8144779841984 0 1748.7394075395528
0 0 222 116.0 281 427.14474897677314 260 716.9571610036539 113 986.1581654651245 196 1251.3295101536894 248 1482.0988249918316 0 1621.4951811327455
0 0 46 146 550 446.79373804740976 67 735.0385362137173 252 1006.270431861255 38 1243.4166176765864 164 1426.5025994353882 428 1525.722143892681 0 1657.7697359759384
0 0 87 113.78049041905207 376 414.0612551123544 455 715 271 979.5222048909536 555 1233.9606432197093 269 1390.028789856345 0 1530.595577375427
0 0 195 113.77170122662314 366 413.92640614659393 287 679.1890661743363 533 937.7654583530752 411 1185.7686228783466 510 1388.2541775064853 0 1555.532893851932
0 0 436 111.22050170719426 404 407.6859951921832 313 681.9711003960493 316 944.2325296249977 441 1122.7819508540492 452 1295.968488226391 0 1464.1989170888228
0 0 472 111.00450441310929 282 406.35785841542406 31 659.1460643764211 471 913.380652694473 397 1123.9211023369064 255 1268.3453616336576 320 1359.3453616336576 0 1503.1970097050025
0 0 39 110.02272492535349 226 413 97 683.2276338412065 51 936.8522041233008 488 1075.7296017627007 0 1203.465526290927
0 0 461 109.59014554237986 283 400.79650727083015 558 667.0009340029642 346 918.0754509198248 384 1031.399258499206 459 1136.399258499206 0 1283.337821881153
0 0 591 109.38464243210744 132 402.4659069544656 394 655.1004666273716 511 867.1905972686319 74 1114.5977127367707 0 1277.2888401183156
0 0 152 108.04165863221463 409 405.92624199519514 205 685.486258876393 504 935.5643648122142 309 1043.0286140087871 0 1192.0879062497208
0 0 24 96.17692030835673 34 346.73843499976715 362 613.1045315149421 521 862.5849378349662 0 1031.7619547022366
0 0 464 95.46203433826454 26 344.39912881277667 383 589.69239975521 562 805.8074266156123 0 937.8193296908123
0 0 253 86.28441342444185 210 329.23211690507605 19 567.454922167964 56 796.1632492431617 0 966.8726043390859
0 0 161 126 553 377.96913286178943 200 622.0210721550031 52 797.1092616997337 0 926.5554275463658
0 0 517 82.22530024268686 412 329.87364308205827 212 578.669109012292 79 818.6057623029401 0 981.4686472307276
0 0 573 90 208 332.32202729743324 135 576.4777926777783 35 753.0572359654318 0 888.0572359654318
0 0 37 81.61494961096282 162 316.7493700631767 94 547.0419215404379 594 702.5018329366504 0 861.1021244812205
0 0 188 77.83315488916018 474 317.31559532950087 352 546.5851181979303 493 652.986337664787 0 806.6416595161452
0 0 111 75.28612089887484 116 305.52163708503934 347 528.3749396409036 207 679.4732211224641 0 831.5457593338181
0 0 209 105 110 323.8875478857442 541 539.0474456166069 223 630.0474456166069 0 781.6672476286225
0 0 295 62.39390995922599 25 275.4386172814022 280 446.4324442066685 151 588.758346014473 0 738.5663722316957
0 0 261 61.5223536610881 331 251.0009945846552 63 438.9448560564187 0 587.3571835224596
0 0 199 44.598206241955516 469 195.99853197399054 203 311.55239665235183 559 416.31721971258526 0 522.4417352091823
0 0 542 168 0 280.8473193175917
