0 0 126 292 135 324 297 374 363 399.6524758424985 201 521 134 546.0 67 564.9442719099992 77 588.5457424187347 379 608.5457424187347 0 707.8541966657991
0 0 102 278 112 311.1948270094864 299 353 305 436 100 479 254 508.6468827043885 371 571 239 583.0 365 602.0 356 621.8488578017962 374 658.021362458401 255 677.8702202601971 95 733.4772372641627 0 802.3075015844936
0 0 252 138 62 230 264 332 140 363 53 393.0997512422418 306 430.6859796905092 205 454.7216485381274 83 482.2145042226633 198 509.9345493693327 200 589 12 619 202 632.1622776601683 58 680.4375960781776 0 756.9657855920973
0 0 283 196 152 278 345 310.0 68 370 70 390.44030650891057 393 478 234 554 339 618 385 653.6320112359526 263 680.7200187265877 281 736.8936042490485 0 769.9803970102789
0 0 352 280 265 326.22154055254964 237 344.0317902284563 238 363.0317902284563 23 462 99 480.2462112512353 22 503.28461606164063 132 555 196 586.0237960416287 301 617.0237960416287 361 649.2273993528032 210 671.3104453263978 0 750.5996941316779
0 0 176 494 295 523.9248588451712 286 539.3100236523057 71 577.6296281693184 235 590.7919058294867 282 629.9980695625072 0 677.6411300119446
0 0 221 124 399 306 174 373 31 393 25 432.1547594742265 257 526 49 650 266 682.0907220343745 0 785.434173866841
0 0 328 103.85566907973777 246 123.70452688153387 208 193 114 238.38361202590826 32 271.7288470857658 139 318 55 351.40939982143925 321 393 61 469 288 606 0 634.4390889145858
0 0 18 287 157 315.2482875908947 348 442 392 465.34166406412635 1 502 80 514.0 332 532.0622577482985 242 561.1672309228413 158 592.3804343584377 253 626.7114844796306 354 669 329 716.2155881318567 0 787.2483662105253
0 0 149 112 308 128.70820393249937 6 182 272 364 370 471 17 506.96150997149437 256 539 101 554.0 355 579.8113883008419 0 641.7825341415871
0 0 222 120 350 155 75 196 293 406 37 424.2462112512353 367 451 240 487.57066051117283 366 516.8060445728441 129 531.8060445728441 74 546.9050640864369 33 640 0 718.1542368455549
0 0 312 305 20 339.69817807045695 144 351.9342460479567 29 371.1537905052496 207 507 396 558 39 584.6433169770933 166 604.8413560042789 395 626.5032597939695 0 675.6184742251854
0 0 390 263 373 279.0827625302982 360 331.1303546135555 121 359.37864220445016 79 373.5017478300678 2 388.88691263720233 383 402.0491902973707 229 455 5 482.20465053408526 279 597 347 621.0356688476182 106 634.0356688476182 287 658.3534899108946 0 701.655141521588
0 0 21 99.56907150315303 65 127 97 259 36 333 378 351.0 173 370 346 385.65685424949237 131 415 161 440.2970585407784 313 452.53312651827815 0 526.7281419010943
0 0 66 94.02127418834527 3 175 387 309 231 422 369 468 307 481.605551275464 167 593 327 611.5440037453176 326 640.5176697063279 398 656.600432236626 0 740.6409616782771
0 0 223 98.97979591815695 320 121.06284189175153 192 145.06284189175153 184 181 4 193.0 148 220.46424919657298 285 237.7443590858535 212 262.16656418770947 271 318 277 366 19 418 249 541 0 601.7740090991445
0 0 117 239 289 286.0 280 331.6931365951495 261 413 325 442 44 471.6468827043885 50 509 48 531.1655250605965 150 553.2071196393888 324 598 0 619.1803398874989
0 0 219 361 153 377 38 391.0 96 403.2360679774998 191 567 28 614.6430604494374 323 709 0 774.9732078766261
0 0 262 97.32420048477151 230 129.16453015261305 87 141.40059813011285 151 165.43626697773107 110 195.13398258132327 183 319 330 347.7882942280559 233 676 0 733.0
0 0 103 103 388 160.92702786528704 143 183.0925529258835 63 202.9414107276796 156 266 269 296.2484567313166 199 354 182 370 180 392 91 439.94733192202057 0 462.5964425626941
0 0 248 92.20086767487604 14 143 351 161.48528137423858 358 186.74961889671232 381 224.552496445628 115 251 105 272.180339887499 165 294.71030397364063 60 373 54 386.1622776601684 9 502 384 529 0 584.1220566907139
0 0 141 444 56 458.4721359549996 214 481.2783844298653 73 584 0 623.1547594742265
0 0 364 135 15 309 82 338.8494332412792 267 383 146 454 133 550 122 562.0 203 625 337 661 0 703.2024843762092
0 0 322 99 195 119.295630140987 275 204 59 230.97056274847714 175 248.97056274847714 125 289.1201896118398 194 316.81199562479395 220 393 353 611 0 638.4928556845359
0 0 88 58.66856057549052 206 180 57 219.27456233660888 209 241 154 296 340 557 179 592.2982212813471 0 649.1383749958686
0 0 128 326 338 361 92 427 243 449.64911064067354 8 489 400 521 0 575.6430285710994
0 0 380 202 16 213.4142135623731 26 266 162 285.2195444572929 315 352 259 364.2360679774998 0 426.86685744526284
0 0 382 45.880278987817846 187 66.69693281420982 274 168 359 195.26267650163206 116 230 0 253.0
0 0 84 34.0147027033899 292 79.79179034338654 241 93.39734161885053 300 117.71516268212689 93 252 123 267.8309518948453 111 306 228 472 319 494.16552506059645 335 700 0 743.0151480384384
0 0 155 90.4267659490264 247 126.0392628987578 333 144.6415881658004 294 192.96912395927401 318 216.12207039723992 81 478 113 500.16552506059645 232 631 302 664.4307490277199 0 698.5139381853045
0 0 296 88.45903006477066 34 112 41 203 47 235.56102834535696 362 251.39198024020226 215 316 310 350 160 371.31370849898474 217 390.8005414794899 76 539 0 566.2046505340852
0 0 386 121 13 150 394 197.64306044943743 334 224.67244681536383 227 246.07420106635522 189 341 137 421 186 495 107 565 0 610.3411940941446
0 0 30 85.21150157109074 343 115.21150157109074 331 140.47583909356447 316 188 245 236.47076812334268 7 257.87252237433404 85 432 51 465.43074902771997 0 496.6439524633164
0 0 224 47.41307836451879 397 87.49629627750144 204 183 284 208.0 147 239.84032966784156 193 288 89 312.31782106327637 213 324.31782106327637 181 339.31782106327637 78 422 0 486.0832691319598
0 0 377 83.81527307120105 309 112.20004938205128 171 129.41115193297927 127 230 142 272.2490309931942 0 326.2490309931942
0 0 290 81.04936767180853 64 112 197 135.0 260 163.38477631085024 42 198.68299759219727 40 217 349 245.8679622641132 226 467 0 502.0
0 0 35 187 52 219.80350850198275 211 246.44682547907598 268 430 372 475 145 550 0 615.4436651025164
0 0 273 77.1621668954417 190 98.8240706851323 45 123.14189174840865 368 172 276 292 0 344.190046219458
0 0 375 71.00704190430693 278 85.4791778593065 342 123.26406583820611 303 154.2640658382061 0 212.52377988626074
0 0 119 80 136 102 69 124.72792206135786 27 153 344 175.8062484748657 130 360 258 628 376 645.8102496759067 0 676.6189017225915
0 0 46 70.80254232723568 251 99.67050459134889 159 165 172 245 0 268.9283882771841
0 0 389 63 118 90 124 325 94 341.40312423743285 0 387.0121118669626
0 0 357 58 72 98.80584360149872 225 408 109 436.3575597506858 0 488.5476059701438
0 0 314 55.731499172371095 341 84 170 237 298 286.1152144312159 0 307.2955543187149
0 0 291 42.638011210655684 336 58.96256653099244 120 74.34773133812693 98 92.89173508344446 0 145.31814195463733
0 0 164 48.662100242385755 391 270 169 288.0622577482985 0 331.7965133351645
0 0 11 45.0 178 633 0 677.0587727318529
0 0 270 42.95346318982906 163 213 0 249.0768096208106
0 0 188 19.924858845171276 250 54.132295718991685 0 106.33419141101007
0 0 317 32.01562118716424 24 47.400785994298744 138 87.01497178422044 0 105.07722953251898
0 0 177 36.40054944640259 86 62.6793700425023 0 95.70109890894497
0 0 216 29.154759474226502 236 42.31703713439488 218 58.64159245473164 0 93.70152062701497
0 0 244 31.016124838541646 43 51.214163865727215 0 88.23267603793981
0 0 311 25.495097567963924 108 36.495097567963924 304 65.91158540691153 0 99.10641241639793
0 0 10 25.079872407968907 90 62.53893284346087 185 592 0 616.142135623731
0 0 168 4.242640687119285 104 41.70170112261125 0 75.78489028019584