0 0 397 206.47518010647187 420 621.7220184655145 191 1003.8738691931442 266 1183.7944388720384 0 1197.3999901475024
0 0 545 205.06584308460538 254 617.5493831207166 131 996.1480808937824 239 1175.3373240506687 0 1197.0420239613884
0 0 35 480 5 891.6466108409231 26 1144.5334157521822 0 1205.953256280912
0 0 395 203.66639388961548 530 611.873626370393 524 1002.6951068569854 0 1198.7327374589686
0 0 23 577 576 978.2147747721192 16 1172.3288698327635 0 1194.4943948933599
0 0 447 200.32224040280698 585 600.0157096834712 295 996.0960122113261 0 1202.6767844145097
0 0 548 194.6175737183053 134 581.0136417105201 314 958.8424062192246 417 1172.678124384614 0 1205.7649171458443
0 0 542 193.19679086361657 107 588.1227577715404 149 979.8045624203866 56 1166.476574918122 0 1202.6490795747268
0 0 49 751 92 1071.497987111028 0 1205.5141150944478
0 0 180 186.560981987124 341 568.5421643068752 512 947.7372346965 117 1161.3078612613363 0 1196.3877336693051
0 0 141 185.6906028855526 189 562.0742815613364 381 937.9007431520748 153 1162.8821376958817 0 1205.439778888081
0 0 51 185.15128949051368 76 789 506 1084.9545418418809 0 1205.6342599477741
0 0 534 213 119 579.8543120098172 301 940.1127879957668 106 1160.6478207100397 0 1203.2974761446687
0 0 319 181.81859090863068 135 545.4426851103691 146 900.6614563265357 435 1139.066797770207 0 1202.1045201949114
0 0 124 816 10 1097.3982313870156 0 1199.3329908635053
0 0 34 243 358 602.6741340162295 33 958.6018721350453 359 1160.0437693258118 261 1173.0437693258118 0 1205.1344913601863
0 0 279 176.1817243643619 242 531.2411395380389 571 881.3778767482379 157 1119.3603322135652 0 1205.4195196927908
0 0 211 739 497 1051.4516490284025 185 1159.8030597961185 0 1200.6089033976173
0 0 28 172.10461934532728 217 522.5778194653955 55 868.8217785189374 510 1117.9744494218567 0 1204.941975041432
0 0 407 170.13524032369074 120 510.62729771690556 165 855.9629504590498 311 1112.8799405589616 0 1202.7861355628536
0 0 289 168.7601848778319 468 505.81522611707044 476 839.1865297294967 445 1102.3939545811388 0 1204.7519536932894
0 0 67 168.31518053936787 111 514.2809526055115 438 859.5554669963312 387 1112.9584250720293 0 1199.9843947186362
0 0 589 167.90771274721124 317 512.5493120740134 575 849.1086481830887 39 1104.1739456040007 0 1199.649088189433
0 0 394 483 509 821.3854442572022 511 1088.2122341370743 0 1197.9368549686424
0 0 390 517 391 853.6955769519998 292 1105.3564964238913 436 1154.9165773135962 0 1203.7495529914913
0 0 513 165.6804152578089 591 504.90070624850705 115 841.4860702806388 187 1104.0647708870042 0 1203.563374228062
0 0 220 164.46884203398528 69 502.71874683214355 236 841.134641697176 126 1104.7366921620726 0 1204.2073577458268
0 0 70 163.9176622576103 8 818 57 1092.6828290615015 0 1205.566258242298
0 0 596 163.29421300217592 536 694 232 1019.1269585421089 556 1166.6951234640849 0 1195.2961987018232
0 0 312 162.80049139974977 503 488.7055404255607 297 807.9788823094029 385 1086.3443048213205 0 1204.2424048972719
0 0 547 272 544 603.4747268448953 308 935.6191044149532 356 1146.934776929539 0 1196.558002441857
0 0 249 177 471 506.16923410629664 98 828.8431856916502 427 1088.0439080019999 364 1172.6696408292223 0 1205.7564335904526
0 0 465 158.90248582070703 344 479.8896238184062 357 800.4310864284738 81 1081.9674559998446 0 1205.5148029525585
0 0 45 196 433 514.3018001893599 588 831.303428849535 174 1095.462827652727 0 1203.6972411746694
0 0 83 157.58172482873766 30 481.5307652795726 224 798.0874484557839 425 1073.2760605793064 0 1202.8168485974552
0 0 491 156.0833110873805 393 473.7779649245897 557 790.3232307500466 539 1072.234981139764 0 1199.980469376044
0 0 454 507 487 820.8173793580611 459 1083.5029547279266 0 1199.804412855273
0 0 291 154.53802121160993 373 602 567 914.8398916919632 522 1135.0588251874979 0 1203.8805898669088
0 0 108 286 367 599.0594001181946 342 908.6925091031665 68 1131.8708382081672 0 1204.9342983098775
0 0 87 151.6047492659778 566 463.0744824068024 258 774.5127016159797 374 1058.775349455601 0 1199.1939064174076
0 0 600 305 142 615.9136088647372 410 925.2545516039488 432 1136.8109953114126 0 1198.820609807196
0 0 53 856 77 1104.3212118129647 0 1203.590467438852
0 0 383 151.25144627407698 533 459.816347091303 595 763.6002813014636 228 1057.052217262395 0 1202.2557675116395
0 0 554 151.00331122197287 406 460.8299277856129 587 900 272 1121.896201004171 0 1204.8139629007076
0 0 455 150.26975743641833 334 474 351 780.0608045655487 11 1065.10625535505 0 1203.5196502949861
0 0 325 150.1532550429727 61 770 403 1058.4313200773217 0 1199.9835910573395
0 0 392 175 483 480.85469406450187 519 783.0361445366357 529 1059.6388451981256 0 1201.6426330225665
0 0 460 485 380 793.9648808806814 400 1072.568678322192 0 1202.568678322192
0 0 329 149.08386901338454 14 636 496 934.2932534763864 138 1140.7646254367817 0 1199.6010872250808
0 0 485 149.05368160498418 573 449.8181911311641 227 749.680227279398 58 1043.6978323675332 336 1151.6416938392967 0 1205.913581081654
0 0 565 410 44 713.3837077957807 136 1008.9235473978929 172 1156.9163008308178 0 1197.5920241311737
0 0 213 148.5563866011825 437 499 559 791.7083302628347 84 1069.2340299628822 0 1202.380284473525
0 0 558 164 472 493 1 792.8499611868182 97 1069.773171118064 0 1205.4911093766912
0 0 484 542 442 842.766229125736 470 1095.6262711252382 0 1203.2070069289819
0 0 321 146.57762448614045 532 745 418 1039.2604439594083 166 1159.0966857013761 0 1205.8934246873243
0 0 275 146.32839779072276 458 710 164 1004.29737951659 234 1153.4268156543103 0 1198.4268156543103
0 0 52 146.15402833996743 32 442.30259115306285 553 735.0215328601936 561 1024.610516906418 186 1162.9265330540525 0 1203.3403457055435
0 0 332 497 156 789.3632412336988 494 1059.824370771294 0 1204.4534909496567
0 0 273 144.51643505151932 555 430.460269916515 531 718.6490547371832 59 1009.4354504190253 222 1144.6073322455761 0 1181.6258444177888
0 0 300 144.34680460612904 419 436.8587512561778 535 725.8605433651176 246 1009.867842537968 194 1147.9654615634597 0 1196.7984372413548
0 0 537 149 290 479 307 771.3632412336988 399 1055.4800046758494 0 1197.5557405246418
0 0 352 143.96180048887967 18 429.223494155107 268 707.9780290005679 350 983.3174342912257 104 1156.3665066590254 0 1202.6018485230122
0 0 440 143.33875958721003 183 430.1816753354733 507 719.4378301467863 489 1001.7189348896604 502 1153.2533829932936 0 1191.9064805570824
0 0 416 186 431 475.21676167450977 231 754.8869305846063 85 1034.182307448005 237 1152.8561313431824 0 1203.574677486187
0 0 298 141.41074923781431 480 425.2866335357934 152 706.3032381931464 464 982.9809462978922 257 1156.0085513223173 0 1199.3851898588746
0 0 206 808 481 1076.791421805283 0 1204.9988665792905
0 0 209 432 517 715.7389267166802 241 994.9971670734054 225 1146.418523310715 0 1197.903460336098
0 0 327 271 552 556.8550343930667 299 831.6058606429579 178 1082.7116465544536 0 1205.072671825675
0 0 282 137.87675656179326 173 419.3063054322138 304 699.020969475532 562 980.2865220250586 167 1159.1207602588956 0 1204.5043722848038
0 0 335 136.82470537150812 144 411.14458733274085 260 682.7091109210899 337 954.6728488696846 338 1139.3153408354144 0 1198.1518026237136
0 0 284 136.0624856453828 197 405.0624856453828 286 673.1864868541043 285 938.423631486307 479 1134.458574440581 0 1201.5287067341021
0 0 12 592 424 864.2403477728017 570 1097.1528866753947 0 1201.9790434044323
0 0 492 426 90 689.9547203735343 453 949.6044750299329 38 1137.6634540228497 0 1196.826448235977
0 0 584 133.60014970051492 41 446 54 710.5309411446867 27 971.777831672709 348 1144.8269040405087 0 1201.6884020959485
0 0 543 812 105 1067.1060994753088 434 1133.8247031252577 0 1205.6712875095225
0 0 346 131.03434664239754 384 400.9150885222067 48 663.1550536347954 328 922.7066515058569 429 1127.980817743995 0 1204.7116202268064
0 0 215 393 306 654.813422994089 340 915.8452934806868 161 1119.9844188521586 0 1201.1602574492556
0 0 65 296 168 617 323 872.6521931512112 159 1097.710324827277 0 1201.7581849836888
0 0 278 168 569 429.4537730876194 99 685.9735491705942 521 938.4379795516297 500 1128.6267694360174 0 1204.4902646363178
0 0 326 152 415 894 593 1107.5411506305297 0 1201.660114009782
0 0 253 127.8632081562167 446 492 255 745.7416665242117 170 996.218276613426 526 1128.4066557662734 118 1141.5689334264418 0 1192.6176849299895
0 0 368 337 441 629 452 875.5459786172659 365 1099.2233054444237 0 1202.416652846478
0 0 598 126.19429464123962 21 385.6617273854758 214 637.421939165661 9 899 421 1106.017765696396 269 1148.4060351777994 0 1204.644547264587
0 0 91 804 195 1059.0183666585017 303 1143.7512242246353 0 1202.0109382726898
0 0 582 321 133 571.6844407102378 252 819.5772737254424 143 1066.69538775303 0 1196.6995543473613
0 0 330 122.3315167894194 7 370.2327568030015 46 617.5195031669735 160 861.6754341189783 376 1083.3213648618112 0 1202.3259519212556
0 0 202 336 137 584.2540660723338 171 830.1035943737488 251 1075.0354994015674 0 1200.988075914554
0 0 127 121.91800523302537 184 362.92666307943597 574 599.079266425053 96 840.2545246167548 203 1078.6839447885006 0 1201.5555532646804
0 0 540 119.41942890501528 259 362.8846297380302 250 603.4252986014652 409 833.5570773159434 402 1068.9323199669498 0 1196.4482763303304
0 0 386 119.09659944767525 426 621 210 859.4841351166422 63 1091.9813261101467 0 1205.990941050305
0 0 525 341 216 581.7661153635863 372 819.8888893253283 577 1052.6017088934886 463 1128.2065867609156 0 1188.0262615892402
0 0 333 117.61802582937702 462 355.2075686471436 196 589.608994667568 62 820.2263103977708 428 1047.5049333683705 114 1131.7208346294883 0 1198.156638867578
0 0 40 116.93160394008115 15 767 129 1000.2129028528593 369 1134.9365974742102 0 1195.5429211897301
0 0 287 213 125 587 382 817.0545386943882 270 1044.1720184144697 590 1134.7015161156226 0 1189.9784418063095
0 0 320 212 100 449.7586441828279 190 683.7675725763185 205 912.9410198732025 370 1111.1164699191636 0 1196.0831291751288
0 0 599 154 86 394.2281477143922 466 630.3807510600093 528 860.6192581381313 201 1084.5935556600532 0 1198.8864125583086
0 0 218 113.00442469213318 158 340.706055370454 79 560.701293411701 363 782.6305268836315 490 999.497633983818 140 1135.7869842870007 0 1203.967737118156
0 0 179 242 17 807 219 1037.4926302623287 310 1137.231139276018 0 1205.7546388296162
0 0 457 111.48542505637228 154 340.7318617434938 82 562.3210864218786 444 783.688065867581 493 1004.2967076655851 128 1133.1243138856887 0 1202.0649619988542
0 0 177 111.01801655587259 541 332.890619787154 443 550.3948366117766 262 769.3541627975202 199 987.7600168419783 42 1131.9613581169447 0 1198.9701293719015
0 0 281 110.80162453682708 155 545 597 766.7663807123312 355 983.0695556757815 22 1139.4833528398467 0 1199.2226733016303
0 0 549 427 592 651.1144553737556 93 865.8630817427743 361 1080.8630817427743 0 1198.775082928926
0 0 504 107.07474025184464 349 720 121 924.8332620473209 331 1102.0277595644343 408 1123.4295138154257 0 1205.96226503858
0 0 347 107.0420478129973 473 321.7002995401143 366 947 6 1121.8787433236923 0 1196.655282286499
0 0 132 107.00467279516349 568 326.0644728524677 294 776 477 991.80087463371 75 1139.4126473858987 0 1195.4126473858987
0 0 162 106.23088063270491 345 322.7254326189498 448 553 498 764.6258911945587 296 976.6803393019933 109 1137.4715857322817 0 1200.273100862058
0 0 478 755 378 966.2063617284504 43 1125.849270013474 0 1203.8639743060019
0 0 192 133 116 767 324 976.4241710525582 586 1128.8179911431787 0 1199.6456164461608
0 0 379 103.23759005323593 412 843 339 1050.5170878683664 78 1124.4936460752597 0 1182.0331033712785
0 0 66 102.90286682109493 64 311.41986861187354 439 518.6735124311956 583 722.2193726297542 240 921.0738139331029 208 1106.849238836586 0 1200.3357646955533
0 0 353 102.04410811016969 572 722 212 924.3876295399473 244 1111.0341692739596 0 1204.0040433247257
0 0 226 101.6366075781753 20 313.116135074147 551 516.4991746613869 151 715.6895549665176 449 909.5617932190607 147 1095.4026303417268 315 1122.6653068433588 0 1204.7000206971668
0 0 564 196 37 403.1623696347759 305 607.8030642492373 499 802.8030642492373 488 997.567779495412 89 1120.5722041875451 0 1196.1237106538347
0 0 94 287 578 483.75384868858794 514 675.0933093693785 223 866.4134682045174 422 1059.140039890192 527 1129.5138752826863 0 1204.5138752826863
0 0 80 933 2 1117.6424919657297 0 1205.0311216215132
0 0 95 250 274 440.27756377319946 313 628.2944169079518 389 818.8408098378578 102 1001.5949704245135 413 1134.8224024354095 0 1198.0765102581868
0 0 188 512 181 876 88 1067.1767093199344 401 1122.9806392823295 0 1193.013963361544
0 0 501 600 74 789.6134738821116 405 969.6517048773793 288 1126.791094573001 0 1200.993898250099
0 0 456 94.26027795418386 256 281.39864195250016 238 465.96095174473453 508 650.1016994174145 283 834.3343025661937 200 1018.0726115253867 316 1112.9372095624951 0 1201.3846441923158
0 0 579 93.47192091746055 396 843 3 1030.27944043233 47 1108.821398385105 145 1127.0676096363404 0 1199.5015747514922
0 0 19 91.52595260361949 110 281.1477775581611 520 461.7056856128743 516 639.4256903827287 123 819.4256903827287 343 995.172485223534 475 1118.0662405867072 0 1199.1858581334855
0 0 31 88.88756943465155 280 268.1477242260259 169 445.64996301703434 24 622.470225575274 375 800.589231044614 495 974.7903272650717 404 1123.361608561017 175 1134.77582212339 0 1205.8495480617999
0 0 580 88.29496021857646 450 273.2949602185765 29 456.9065957733399 72 726 130 906.0 505 1080.283291907607 198 1103.6249559717332 0 1181.6911002726997
0 0 360 84.64632301523794 36 804 148 971.610278852618 546 1123.8846616486785 0 1201.1156069045649
0 0 469 242 277 634 362 959 176 1112.2236014070306 0 1196.8962202174084
0 0 377 84.0535543567314 25 357 430 574 267 740.6045976336583 461 900.5445856288559 560 1057.7111579202563 293 1106.3505160929797 371 1130.668337156256 0 1197.8085156649026
0 0 515 106 318 274.836393814516 518 428.67310679141906 113 800 247 946.5283853270081 73 1092.3591623990694 221 1126.442351556654 0 1196.84930479881
0 0 182 662 163 898 245 1050.126704035519 229 1104.1380662048498 230 1123.5720473369065 0 1192.80041891675
0 0 265 76.53757247260981 482 439 103 590.031911282518 538 766 248 881.8017013095725 243 975.855255666304 50 1049.2429516332659 486 1122.4014823318184 0 1193.2044427860594
0 0 193 75.96051605933177 309 990 474 1111.198021565134 0 1191.411980291302
0 0 523 578 467 729 423 804.7343137181792 0 882.2102353495286
0 0 204 566 388 808 0 850.2490309931942
0 0 414 121 594 783 0 862.4046107978426
0 0 411 59.464274989274024 122 627 271 782 0 834.5440947723653
0 0 139 138 112 762 0 803.4006369362152
0 0 451 56.08029957123981 235 346 276 501 0 555.6878059430087
0 0 354 53.45091205957107 0 116.90182411914213
0 0 322 53.225933528685054 150 68.32495304227784 0 127.56924205125836
0 0 563 53.150729063673246 60 111.98719085197237 0 168.80599049485087
0 0 101 42.0 0 94.0
0 0 264 39.56008088970496 581 58.16240615674759 0 105.75229841517259
0 0 207 33.24154027718932 398 59.79448563443617 0 101.11540516116781
0 0 4 31.38470965295043 0 72.76941930590087
0 0 550 22.561028345356956 233 37.94619315249146 0 65.20886965412353
0 0 71 17.029386365926403 302 36.928881302538066 0 59.73512977740376
0 0 263 13.0 0 36.0
0 0 13 7.280109889280518 0 24.560219778561034
