0 0 29 52.20153254455275 27 67.20153254455275 26 82.20153254455275 30 99.20153254455275 28 113.20153254455275 32 128.20153254455275 31 143.30055205814554 34 156.30055205814554 50 179.30055205814554 80 217.03140130586962 0 234.64717441173354
0 0 75 57.0087712549569 87 100 97 120.0 59 136.32455532033677 74 156.32455532033677 58 177.50489520783572 0 234.67480086811872
0 0 23 75 25 171 24 191.44030650891054 0 236.49740279482674
0 0 51 69 76 88.4339811320566 89 108.33347606866826 85 136.77256498325403 93 175.8414486907513 96 192.16600401108806 0 217.69017870734808
0 0 33 51.478150704935004 63 82.0936788330233 18 117.90065463415118 48 129.90065463415118 21 141.90065463415118 77 169.01789740277488 0 228.99789340117408
0 0 19 58 22 94 49 109 20 122.0 56 153.540659228538 0 181.56841560585795
0 0 37 69 35 138 43 160.0 70 195.6124969497314 0 225.2593796541199
0 0 39 36.05551275463989 36 53.12658056650537 38 85 40 100.3851648071345 41 120.58320383432007 72 141.76354372181902 54 161.19752485387562 0 189.22528123119557
0 0 84 106 95 124.06225774829855 91 142.66458301534118 0 164.70617759413346
0 0 14 35.35533905932738 47 48.35533905932738 16 63.74050386646188 15 75.74050386646188 9 101 10 123 13 152 17 173.18033988749895 0 223.4916286289917
0 0 45 37.73592452822641 5 50.73592452822641 8 101 46 114.0 4 151 3 166.38516480713452 1 179.38516480713452 100 208.3588307681448 0 237.59421482981614
0 0 73 65 79 99 6 122.8924439894498 2 136.89244398944982 7 153.89244398944982 60 178.89244398944982 0 215.81826802512234
0 0 61 55 88 87.13594362117865 53 106.08021553117781 98 122.40477085151457 0 146.54690647524552
0 0 42 33.54101966249684 44 74 81 108.73863375370595 0 130.78022833249824
0 0 11 69 12 84.0 78 105.0 55 150 68 170.0 0 190.0
0 0 64 53 83 71.06225774829855 57 90.28180220559143 86 109.33718734372886 52 126.54828989465683 66 154.0125390912298 0 177.0509439016351
0 0 62 62 67 80 71 103.0384048104053 94 123.66855062313995 0 150.78579339176363
0 0 65 11.180339887498949 99 87 82 105.06225774829855 90 125.83258736256755 0 140.07522804968684
0 0 92 15 69 51 0 70.21954445729288
