0 0 64 310 338 362 229 416 220 429.605551275464 234 461.8091545866385 225 485.26277863371223 45 531.1654247757447 241 553.6953888618864 17 576.8483352998522 0 645.6785996201831
0 0 163 130.10764773832474 191 177.69753999674975 166 191.69753999674975 314 210.91708445404265 294 242.01210756377165 268 256.0121075637717 300 284.61318280150994 231 453 119 484.02379604162866 20 514.1484078391268 105 538.0408518285766 310 551.2031294887449 0 665.8405988771051
0 0 227 368 216 395.46424919657295 291 453.3181936525946 114 474.71994790358593 5 511.7939206449477 80 571.2711881523597 244 607.0781639534877 188 649.0937851406519 0 754.6814412474945
0 0 387 334 365 356.08304597359455 81 385.3962538894225 83 399.51935951504015 240 426.01178201751077 336 475.6097617639574 102 521 293 563.7566787083184 203 643.9706374344862 36 675.5112966630243 0 724.6265110942402
0 0 286 109 57 121.0 246 132.0 356 145.16227766016837 157 163.16227766016837 350 179.48683298050514 289 194.58585249409794 305 208.58585249409794 116 264 280 281.8102496759067 183 345 321 369.8660687473185 371 406.0385734039233 0 509.0762002008274
0 0 263 101.35580891098448 71 113.59187688848426 51 125.82794486598405 79 138.06401284348385 122 150.06401284348385 29 169.28355730077675 292 187.82756104609427 27 200.06362902359407 303 211.06362902359407 198 230.06362902359407 0 342.10773713376375
0 0 175 112.69871339105873 215 174 70 205.095023109729 48 231.25051753113252 37 264.59575259099 66 297.15678093634693 212 371 399 417.1247837363769 153 446.0984496973872 7 473.06901244586436 397 498.3005586575922 38 553.841748804535 0 653.5189476903164
0 0 239 102.15674231297707 279 125 195 137.2360679774998 110 148.2360679774998 345 159.2360679774998 109 172.8416192529638 271 185.0776872304636 1 214 364 227.605551275464 111 244.81665382639198 309 321 235 346.0 0 448.660671268883
0 0 197 102.88342918079665 74 116.04570684096504 326 131.04570684096504 249 145.1688124665827 112 156.1688124665827 132 190 390 202.2360679774998 192 215.06449510224598 25 236.24483498974493 351 256.54046513073195 377 283.1837821078252 187 520 0 600.6045324324155
0 0 162 94.02127418834527 87 112.08353193664382 389 123.49774549901692 82 136.66002315918527 152 147.66002315918527 299 174.6305859076624 200 204.35366883097842 6 230.38488837285982 251 246.0417426223522 0 354.52016665523365
0 0 89 97.57561170702442 4 111.69871733264208 10 123.93478531014186 16 150.5781022872351 247 165.5781022872351 236 193.070957971771 386 403 353 430.20465053408526 43 468 0 564.3770802933278
0 0 185 94.33981132056604 137 106.57587929806583 339 120.57587929806583 174 142 382 154.0 394 165.0 302 178.16227766016837 341 190.99070478491456 272 215.85677353223306 267 233.6670232081397 86 257.08343107313846 319 446 0 507.478150704935
0 0 24 110 30 122.82842712474618 260 135.06449510224598 320 147.30056307974579 281 158.7147766421189 264 170.9508446196187 199 183.1869125971185 362 195.1869125971185 233 206.1869125971185 258 229.1869125971185 101 247.1869125971185 0 344.2386213684
0 0 96 87.66413177577246 113 99.07834533814555 139 118.02261724814471 265 138.65276306087935 342 150.88883103837915 230 163.12489901587895 42 176.28717667604732 354 198.81714076218898 257 300 388 317.8102496759067 0 416.765294501931
0 0 78 89.62700485902673 372 104.0991408140263 392 115.0991408140263 62 127.92756793877248 148 139.92756793877248 275 153.53311921423648 253 164.53311921423648 40 178.53311921423648 209 199.71345910173542 130 280 167 303.1529464379659 358 314.1529464379659 0 405.73725865545043
0 0 155 79.12016177940993 218 101.76927242008344 171 113.18348598245653 21 131.24574373075507 395 149.0559934066617 54 160.0559934066617 88 172.0559934066617 274 183.47020696903482 223 194.47020696903482 176 205.88442053140793 248 217.29863409378103 378 298 98 555 60 573.0622577482985 0 633.836266847443
0 0 374 113 373 132.2195444572929 151 146.4621851444122 330 164.07795825027608 324 177.24023591044445 91 190.06866303519064 385 204.1917686608083 347 536 0 640.762861923857
0 0 26 364 384 466 53 555 180 573.0622577482985 172 623.9156541799296 58 669.1434840875467 0 691.7925947282201
0 0 254 87 221 197 325 232.0 41 267.6320112359526 322 293.9108318320523 59 320.312051298909 84 357 14 490 202 520.8086520466848 301 578.3165461275636 208 605.0796007418038 0 660.2016574325177
0 0 118 93.1074647920348 65 114.50921904302618 138 129.50921904302618 226 143.98135499802575 224 156.21742297552555 266 167.21742297552555 123 180.04585010027174 52 191.46006366264484 170 202.87427722501795 141 235.50169422298748 0 306.90201995502247
0 0 287 85.37564055396598 255 98.98119182942997 73 112.58674310489397 134 127.68576261848675 346 145.93197386972207 145 160.93197386972207 366 190.57885657411057 149 204.82149726122987 237 216.82149726122987 158 227.82149726122987 0 322.9155628592491
0 0 228 91 156 116.62049935181331 147 129.7827770119817 68 153 19 169.40312423743285 312 198.00419947517113 160 246 379 262.32455532033674 146 286.4666909440677 61 301.4666909440677 94 331.3161241853469 0 419.32253417837245
0 0 290 161 189 180.4339811320566 205 195.5330006456494 128 238.1826560802784 369 278.3322829436411 190 304.6111035397408 34 350.1216653488702 206 397.13517639551367 120 439.19761547927646 178 451.43368345677624 376 480.7468913726042 0 544.4590873805873
0 0 380 89.73850901368932 307 122.760237880132 56 138.84300041043022 49 166.87075678775017 168 195.2555330986004 207 208.8610843740644 370 222.4666356495284 154 251.5716088240712 124 293.4620462622751 133 337.94392556140843 159 367.36041340035604 0 429.33155924110116
0 0 396 83.2946576918352 340 96.45693535200358 115 110.58004097762124 367 121.58004097762124 129 135.18559225308525 11 149.3086978787029 15 163.5513385658222 92 178.9365033729567 327 193.9365033729567 33 214.56664918569135 334 239.43271793300985 0 313.8376866854283
0 0 95 81.74350127074322 31 102 50 115.605551275464 67 127.01976483783709 252 162.72968510220198 55 199.6555091378745 332 247 8 464 103 486.16552506059645 28 508.20711963938874 131 536.8081948771271 182 566.2246827160747 0 613.867743165512
0 0 278 61.40032573203501 9 76.40032573203501 381 91.40032573203501 298 120.3739916930453 100 140.2228494948414 232 201.65241297733655 69 214.81469063750492 335 250.13266843984925 135 301.56936715005054 99 326.8337046725243 343 369 0 425.6154480832267
0 0 261 97 97 128.93171219946132 90 154.19604972193505 360 165.61026328430816 108 176.61026328430816 3 189.43869040905435 344 200.85290397142745 348 213.68133109617364 77 227.92397178329293 184 538 0 569.2132034355964
0 0 46 61.29437168288782 106 96.03300543659378 295 155.22650094158917 288 167.22650094158917 391 179.22650094158917 297 200.04315476798112 210 215.42831957511564 39 227.66438755261544 400 246.88393200990834 117 258.88393200990834 219 294.9607416307189 0 355.21011973632335
0 0 323 73.348483283569 44 94.16513710996097 304 117.58154497495971 63 128.5815449749597 306 139.5815449749597 269 152.5815449749597 142 163.5815449749597 259 178.96670978209423 282 193.96670978209423 125 207.57226105755822 0 280.19813430496293
0 0 311 122 368 168.40054944640258 13 190.06245323609318 22 238.38998902956678 193 268.31484787473806 262 286.8588516200556 201 532 331 566.0416305603426 273 580.5137665153421 0 604.6559021390731
0 0 104 65.73431371817918 333 89.18793776525288 328 135.09058390728535 315 150.47574871441986 214 184.55893787200446 363 195.55893787200446 18 250.11227669189537 126 265.76913094138774 284 599 0 642.0151480384384
0 0 204 81 355 108.0293863659264 177 119.44359992829949 181 132.44359992829948 375 147.828764735434 136 170.4778753761075 245 188.54013312440605 217 203.92529793154057 35 256.3045381323748 357 271.3045381323748 0 295.2329264095589
0 0 196 58.0 127 69.41421356237309 165 83.01976483783709 316 98.11878435142987 243 111.11878435142987 179 123.11878435142987 173 136.72433562689386 285 152.55528752173916 352 165.55528752173916 277 191.17578687355245 0 243.0565700562963
0 0 143 25.80697580112788 296 36.80697580112788 256 47.80697580112788 23 61.93008142674554 194 87.2271399675239 283 107.85728578025855 337 149.62204612879572 308 170.43869995518767 12 510 0 555.3411940941446
0 0 317 55.00909015790027 276 76.67099394759086 107 98.07274819858223 47 122.21488382231318 242 135.04331094705938 2 151.75151487955875 85 187.2466124475227 393 207.54224258850968 0 244.01864717825714
0 0 383 29.154759474226502 150 42.31703713439488 121 64.84700122053655 222 90.65838952137845 270 103.65838952137845 359 131.7691597976533 250 147.1543246047878 398 165.4005358560231 0 200.48040826399202
0 0 213 23.194827009486403 161 40.1948270094864 238 52.1948270094864 349 64.43089498698619 318 75.84510854935928 72 86.84510854935928 140 99.08117652685907 169 113.55331248185865 361 125.55331248185865 75 139.79595316897795 211 150.79595316897795 0 190.8126152085852
0 0 329 31.016124838541646 32 70.17088431276815 76 81.17088431276815 144 101.6111908216787 93 116.9963556288132 0 145.02411200613315
0 0 164 25.495097567963924 313 45.790727708950925 186 93.43378815838835 0 111.4960459066869
